0,437
0,434
0,432
0,426
363,35
199,58
199,57
199,56
199,55
199,54
199,53
199,52
199,51
199,50
199,49
199,48
199,47
199,46
199,45
199,44
199,43
199,42
199,41
199,40
199,39
199,38
199,37
199,36
199,35
199,34
199,33
199,32
199,31
199,30
199,29
199,28
199,27
199,26
199,25
199,24
199,23
199,22
199,21
199,20
199,19
199,18
199,17
199,16
199,15
199,14
199,13
199,12
199,11
199,10
199,9
199,8
199,7
199,6
199,5
199,4
199,1
189,6
189,5
189,1
167,12
167,11
167,10
167,1
124,116
124,115
124,114
124,113
124,112
124,111
124,110
124,109
124,108
124,107
124,106
124,105
124,104
124,103
124,102
124,101
124,100
124,99
124,98
124,97
124,96
124,95
124,94
124,93
124,92
124,91
124,90
124,89
124,88
124,87
124,86
124,85
124,84
124,83
124,82
124,81
124,80
124,79
124,78
124,77
124,76
124,75
124,74
124,73
124,72
124,71
124,70
124,69
124,68
124,67
124,66
124,65
124,64
124,36
124,35
124,34
124,33
124,32
124,31
124,30
124,29
124,28
124,27
124,26
124,25
124,24
124,23
124,22
124,21
124,20
124,19
124,18
124,17
124,16
124,15
124,14
124,13
124,12
124,11
124,10
124,9
124,8
124,7
124,6
124,5
124,1
101,14
101,13
101,12
101,11
101,10
101,9
101,8
101,7
101,6
101,1
101,5
101,4
18,3
18,1
14,9
14,3
14,1
13,3
13,1
2,3
2,2
2,1
0,433
0,0
363,34
363,33
363,32
363,31
363,30
363,29
363,28
363,27
363,26
363,25
363,24
363,23
363,22
363,21
363,20
363,19
363,18
363,17
